Price
5650.34
5327.7
5235.82
4704.84
4765.66
4868.3
4204.7
21491.44
7754.72
13849.38
12647.1
11987.8
13033.08
12204.02
8990.68
1029.56
4762.39
4514.49
6065.38
5409.04
4694.2699999999995
4248.33
4251.95
3572.13
2825.09
2303.81
1627.09
1078.86
955.91
1664.24
1056.7
678.21
1341.8799999999999
1334.37
44.56
1100.68
1037.12
938.48
1338.25
1585.78
1128.37
1045.51
1164.27
1032.84
1128.27
1168.62
1116.67
1250.16
1164.93
1074.25
1023.76
1187.71
1280.45
1133.57
1067.29
887.66
966.09
977.1999999999999
969.3199999999999
1309.72
1332.95
1229.11
1067.75
838.88
756.09
1063.59
1089.1299999999999
999.98
1216.3
1174.85
930.53
907.14
987.22
971.85
999.46
772.03
986.12
801.32
863.76
605.5
724.28
598.11
968.14
1345.65
1279.8899999999999
1398.65
1484.09
5505.04
998.9399999999999
925.75
1135.1399999999999
1330.33
1440.09
1072.19
1261.87
1008.9
1324.98
999.51
1170.15
1378.05
1145.21
890.78
789.92
961.38
904.52
825.99
865.33
1341.37
1321.28
1082.7
913.57
850.41
1087.51
1061.94
1321.8
1006.91
863.86
1129.34
1456.05
1743.86
2898.95
3307.2799999999997
2197.89
2194.19
2044.15
2149.61
2957.25
3180.44
2925.39
2149.09
1731.24
2036.74
1776.85
2774.93
1949.11
2917.93
11.67
1608.89
2019.21
1940.1299999999999
2562.25
2887.3
2824.49
2388.79
1571.82
1594.4
2013.3
2080.21
2231.36
2192.02
2120.47
1570.1399999999999
1606.72
1544.1
2282.2
2125.41
2786.09
1996.45
1872.89
1551.06
1557.36
1405.3
2205.37
2228.08
2600.41
1354.23
1735.66
1612.42
1635.35
1884.99
1295.34
1289.47
1300.69
1489.52
1732.91
1865.92
2646.37
2498.52
2394.78
1452.31
1383.97
1585.82
2102.98
2149.17
1640.71
1916.44
1417.86
1306.02
1306.02
2062.62
1264.05
2000.59
2126.2599999999998
1789.06
1437.53
1484.72
